temp density Viscosity	SpecificHeat ThermalConductivity Pr
-10	1.3426	0.00001673	1005.5	0.023296	0.722098858
-9	1.3375	0.00001678	1005.5	0.023374	0.721840079
-8	1.3324	0.00001683	1005.5	0.023452	0.721583021
-7	1.3274	0.00001688	1005.5	0.023533	0.721235712
-6	1.3224	0.00001693	1005.5	0.023608	0.721074
-5	1.3175	0.00001698	1005.5	0.023686	0.720822005
-4	1.3125	0.00001703	1005.5	0.023764	0.720571663
-3	1.3077	0.00001708	1005.5	0.023841	0.720353173
-2	1.3028	0.00001713	1005.6	0.023919	0.720177599
-1	1.298	0.00001718	1005.6	0.023996	0.719961994
0	1.2933	0.00001723	1005.6	0.024073	0.719747767
1	1.2885	0.00001788	1005.6	0.02415		0.744518758
2	1.2838	0.00001733	1005.6	0.024227	0.7193234
3	1.2792	0.00001737	1005.6	0.024304	0.718699473
4	1.27545	0.00001742	1005.7	0.024381	0.71856339
5	1.2699	0.00001747	1005.7	0.024458	0.718357143
6	1.2654	0.00001752	1005.7	0.024535	0.718152191
7	1.2608	0.00001757	1005.7	0.024611	0.717977693
8	1.2563	0.00001762	1005.7	0.024687	0.717804269
9	1.2519	0.00001767	1005.8	0.024764	0.717674285
10	1.2474	0.00001772	1005.8	0.02484		0.71750306
11	1.243	0.00001777	1005.8	0.024916	0.717332878
12	1.2386	0.00001781	1005.8	0.024912	0.719063022
13	1.2343	0.00001786	1005.9	0.025068	0.716665629
14	1.23	0.00001791	1005.9	0.025143	0.716528219
15	1.2257	0.00001796	1005.9	0.025219	0.716363218
16	1.2215	0.00001901	1006	0.025295	0.756041115
17	1.2172	0.00001906	1006	0.02537		0.755788727
18	1.213	0.0000181	1006	0.025445	0.715606209
19	1.2089	0.00001815	1006.1	0.02552		0.715545259
20	1.2047	0.0000182	1006.1	0.025596	0.715385998
21	1.2006	0.00001825	1006.1	0.025671	0.715255541
22	1.1965	0.0000183	1006.2	0.025745	0.715224704
23	1.1925	0.00001834	1006.2	0.02582		0.714705964
24	1.1885	0.00001839	1006.2	0.025895	0.714578799
25	1.1845	0.00001844	1006.3	0.025969	0.714550888
26	1.1805	0.00001849	1006.3	0.026044	0.714425088
27	1.1765	0.00001853	1006.3	0.026118	0.713942071
28	1.1726	0.00001858	1006.4	0.026193	0.713889665
29	1.1687	0.00001863	1006.4	0.026267	0.71379419
30	1.1649	0.00001868	1006.5	0.026341	0.713770168
31	1.161	0.0000187	1006.5	0.026415	0.712532652
32	1.1572	0.00001877	1006.5	0.026489	0.713201895
33	1.1534	0.00001882	1006.6	0.026562	0.713207289
34	1.1496	0.00001886	1006.6	0.02636		0.720200152
35	1.1459	0.00001891	1006.7	0.02671		0.712717971
36	1.1422	0.00001896	1006.7	0.026783	0.712654744
37	1.1385	0.000019	1006.8	0.026856	0.712287757
38	1.1348	0.00001905	1006.8	0.02693		0.712199777
39	1.1312	0.0000191	1006.9	0.027003	0.712209384
40	1.1275	0.00001914	1006.9	0.027076	0.711776703
41	1.1239	0.00001919	1007	0.027149	0.711787911
42	1.1204	0.00001924	1007	0.027222	0.711728749
43	1.1168	0.00001928	1007.1	0.027295	0.711371607
44	1.1135	0.00001932	1007.1	0.027367	0.710972047
45	1.1098	0.00001937	1007.2	0.02744		0.710986297
46	1.1063	0.00001942	1007.2	0.027512	0.710956092
47	1.1028	0.00001947	1007.3	0.027585	0.710970854
48	1.0994	0.00001951	1007.3	0.027657	0.710576816
49	1.096	0.00001956	1007.4	0.027729	0.71061863
50	1.0925	0.0000196	1007.4	0.02781		0.709997843
51	1.0892	0.000019653	1007.5	0.027873	0.71037913
52	1.0858	0.00009699	1007.6	0.027945	3.497123779
53	1.0825	0.000019744	1007.6	0.028017	0.710070828
54	1.0792	0.00001979	1007.7	0.028089	0.70997127
55	1.0759	0.000019835	1007.7	0.02816		0.709791531
56	1.0726	0.00001988	1007.8	0.028232	0.709657977
57	1.0693	0.000019926	1007.9	0.028303	0.7095861
58	1.0661	0.000019971	1007.9	0.028374	0.709408998
59	1.0629	0.000020016	1008	0.028446	0.709278211
60	1.0597	0.000020061	1008.1	0.028517	0.709173269
61	1.0565	0.0000201	1008.1	0.028288	0.716304087
62	1.0533	0.000020151	1008.2	0.028659	0.708895572
63	1.0502	0.000020195	1008.3	0.02873		0.70875804
64	1.047	0.00002024	1008.3	0.028801	0.70858623
65	1.0439	0.000020285	1008.4	0.028871	0.708510062
66	1.0409	0.000020329	1008.5	0.028942	0.708375251
67	1.0378	0.000020374	1008.5	0.029012	0.708230353
68	1.0347	0.000020418	1008.6	0.029083	0.708097335
69	1.0317	0.000020463	1008.7	0.029153	0.708024152
70	1.0287	0.000020507	1008.7	0.029223	0.707846932
71	1.0257	0.000020551	1008.8	0.029293	0.707740716
72	1.0227	0.000020595	1008.9	0.029363	0.707635306
73	1.0197	0.00002064	1009	0.029433	0.707564978
74	1.0168	0.000020684	1009	0.029503	0.707390977
75	1.0139	0.000020728	1009.1	0.029573	0.707287891
76	1.011	0.00002072	1009.2	0.029643	0.705415241
77	1.0081	0.00002081	1009.3	0.029712	0.706904046
78	1.0052	0.00002085	1009.4	0.029782	0.706668122
79	1.0023	0.0000209	1009.4	0.02985		0.706749079
80	0.9994	0.00002094	1009.5	0.02992		0.70651504

